H 487.456D25, 559.579D25, 648.980D25, 761.650D25, 906.426D25, 1096.776D25, 
H 1354.044D25, 1713.713D25, 2238.320D25, 3046.604D25, 4387.113D25, 6854.871D25, 
H 12186.462D25, 27419.659D25, 109678.764D25                                                   
HE 4368.190D25, 4388.260D25, SAME       , 4389.390D25, 4389.450D25,             
HE 4392.369D25, 4393.515D25, 4509.980D25, 4647.133D25, 4963.671D25,             
HE 6817.943D25, 6858.680D25, 6858.960D25, 6864.201D25, 6866.172D25,             
HE 7093.620D25, 7370.429D25, 8012.550D25, 12101.289D25, 12205.695D25,           
HE 12209.106D25, 12746.066D25, 13445.824D25, 15073.868D25, 27175.760D25,        
HE 29223.753D25, 32033.214D25, 38454.691D25,198310.760D25                      
HE  5418.390D25,  6857.660D25,  8956.950D25, 12191.437D25, 17555.715D25,           
HE 27430.925D25, 48766.491D25,109726.529D25,438908.850D25                     
C  22006.370D25, 28880.880D25, 30489.700D25, 58601.270D25, 69172.400D25,         
C  16886.790D25, 18251.980D25, 19487.800D25, 20118.750D25, 21140.700D25,         
C  69235.820D25, 69767.350D25, 80627.760D25, 80691.180D25, 90777.000D25,         
C  90804.000D25, 90820.420D25, 90840.420D25, 90867.420D25, 90883.840D25,         
C 100121.000D25                                                                 
MG 13713.986D25, 13823.223D25, 15267.955D25, 18167.687D25, 20473.617D25,        
MG 26619.756D25, 39759.842D25, 39800.556D25, 39820.615D25, 61671.020D25         
AL  6958.993D25,  8002.467D25,  9346.231D25, 10588.957D25, 15318.007D25,           
AL 15842.129D25, 22930.614D25, 48166.309D25, 48278.370D25, 55903.260D25         
SI 16810.969D25, 17777.641D25, 18587.546D25, 18655.039D25, 24947.216D25,        
SI 26079.180D25, 50353.180D25, 50640.630D25, 59448.700D25, 59736.150D25,        
SI 63446.510D25, 65524.393D25, 65670.435D25, 65747.550D25, 65811.843D25,        
SI 65957.885D25, 66035.000D25, 75423.767D25                                     
HMINUS -1.8259D14                                                               
HOT  4.149945D+15  4.574341D+15  5.220770D+15  5.222307D+15  5.892577D+15       
HOT  6.177022D+15  6.181062D+15  6.701879D+15  7.158382D+15  7.284488D+15       
HOT  7.693612D+15  7.885955D+15  8.295079D+15  8.497686D+15  8.509966D+15       
HOT  8.572854D+15  9.906370D+15  1.000693D+16  1.046078D+16  1.067157D+16       
HOT  1.146734D+16  1.156813D+16  1.157840D+16  1.177220D+16  1.198813D+16       
HOT  1.267503D+16  1.327649D+16  1.361466D+16  1.365932D+16  1.481487D+16       
HOT  1.490032D+16  1.533389D+16  1.559452D+16  1.579688D+16  1.643205D+16       
HOT  1.656208D+16  1.671401D+16  1.719725D+16  1.737839D+16  1.871079D+16       
HOT  1.873298D+16  1.903597D+16  2.060738D+16  2.125492D+16  2.162610D+16       
HOT  2.226127D+16  2.251163D+16  2.278001D+16  2.317678D+16  2.348946D+16       
HOT  2.351911D+16  2.366973D+16  2.507544D+16  2.754065D+16  2.864850D+16       
HOT  2.965598D+16  3.054151D+16  3.085141D+16  3.339687D+16  3.818757D+16       
RAYLEIGH 2.433158D15 2.564680D15 2.909925D15 2.926365D15
RAYLEIGH 3.077615D15 3.084192D15 3.153241D15 3.159817D15
FILLER -5.D14,-6.D14,-7.D14,-1.D15,-1.1D15,-1.25D15,-1.3D15,-1.35D15,-1.4D15,
FILLER -1.48D15,-1.55D15,-1.6D15,-1.64D15,-1.7D15,-1.73D15,-1.82D15,-1.87D15,               
FILLER -1.93D15,-2.03D15,-2.15D15,-2.23D15,-2.35D15,-2.65D15,
FILLER -2.76D15,-2.85D15,-3.24D15,
FILLER -2.0D15,-2.1D15,-2.2D15,-2.3D15,-2.4D15,-2.5D15,-2.6D15,
FILLER -2.7D15,-2.8D15,-2.9D15,-3.0D15,-3.1D15,-3.2D15,-3.4D15,
FILLER -3.5D15,-3.6D15,-3.7D15,-3.8D15,-3.9D15,
FILLER -4.0D15,-4.2D15,-4.4D15,-4.8D15,-5.0D15,-5.4D15,-5.6D15,-5.8D15,
FILLER -6.0D15,-6.4D15,-6.6D15,-6.8D15,-7.0D15,-7.5D15,-8.0D15,-9.0D15,-9.5D15                                             
FILLER 1., 2., 3., 4., 5., 6., 7.
IRFILLER -10000.D25,-9800.D25,-9600.D25,-9400.D25,-9200.D25,-9000.D25,-8800.D25,
IRFILLER  -8600.D25,-8400.D25,-8200.D25,-8000.D25,-7800.D25,-7600.D25,-7400.D25,
IRFILLER  -7200.D25,-7000.D25,-6800.D25,-6600.D25,-6400.D25,-6200.D25,-6000.D25,
IRFILLER  -5800.D25,-5600.D25,-5400.D25,-5200.D25,-5000.D25,-4900.D25,-4800.D25,
IRFILLER  -4700.D25,-4600.D25,-4500.D25,-4400.D25,-4300.D25,-4200.D25,-4100.D25,
IRFILLER  -4000.D25,-3900.D25,-3800.D25,-3700.D25,-3600.D25,-3500.D25,-3400.D25,
IRFILLER  -3300.D25,-3200.D25,-3100.D25,-3000.D25,-2900.D25,-2800.D25,-2700.D25,
IRFILLER  -2600.D25,-2500.D25,-2400.D25,-2300.D25,-2200.D25,-2100.D25,-2000.D25,
IRFILLER  -1900.D25,-1800.D25,-1700.D25,-1600.D25,-1500.D25,-1400.D25,-1300.D25,
IRFILLER  -1200.D25,-1000.D25, -950.D25, -850.D25, -800.D25,
IRFILLER   -700.D25, -600.D25, -450.D25,
IRFILLER   -400.D25, -350.D25, -300.D25, -250.D25, -225.D25, -200.D25, -190.D25,
IRFILLER   -180.D25, -170.D25, -160.D25, -150.D25, -140.D25, -130.D25, -120.D25,
IRFILLER   -110.D25, -100.D25,  -90.D25,  -80.D25,  -70.D25,  -60.D25,  -50.D25,
IRFILLER    -40.D25,  -30.D25,  -20.D25,  
0.                                                                              
