1.                                                                                          12Jul15 added CaOH
1.01                                                                                        15Jul15 added SiC2, Si2C, C2O
2.
2.01
2.02
6.
6.01
6.02
6.03
6.04
6.05
7.
7.01
7.02
7.03
7.04
7.05
8.
8.01
8.02
8.03
8.04
8.05
9.
9.01
9.02
9.03
9.04
9.05
11.
11.01
11.02
11.03
11.04
11.05
12.
12.01
12.02
12.03
12.04
12.05
13.
13.01
13.02
13.03
13.04
13.05
14.
14.01
14.02
14.03
14.04
14.05
16.
16.01
16.02
16.03
16.04
16.05
17.
17.01
17.02
17.03
17.04
19.
19.01
19.02
19.03
19.04
20.
20.01
20.02
20.03
20.04
22.
22.01
22.02
22.03
22.04
23.00
23.01
23.02
23.03
23.04
24.00
24.01
24.02
24.03
24.04
26.00
26.01
26.02
26.03
26.04
            100.00  0.756 3.6829E+01 2.4337E-05 1.1141E-08 2.1938E-12 1.5292E-16
            101.00  4.478 4.6641E+01 1.8212E-03 5.1150E-07 8.3297E-11 5.1844E-15
            101.01-10.948 9.2120E+00 1.9386E-03 4.7676E-07 7.4004E-11 4.5518E-15
            103.00  2.429 4.4942E+01 2.2453E-03 5.5182E-07 8.0615E-11 4.7616E-15
            104.00  2.211 4.3816E+01 1.9892E-03 4.9231E-07 7.3716E-11 4.4348E-15
            105.00  3.001 4.6403E+01 1.8826E-03 4.6424E-07 6.9646E-11 4.1526E-15
            106.00  3.465 4.5508E+01 1.6980E-03 3.8478E-07 5.8550E-11 3.6153E-15
            106.01 -7.168 1.0780E+01 1.7657E-03 4.3978E-07 6.7350E-11 4.0777E-15
            107.00  3.47  4.5255E+01 1.8611E-03 4.9980E-07 7.9515E-11 4.9182E-15
            108.00  4.392 4.5892E+01 1.8453E-03 5.0935E-07 8.1825E-11 5.0831E-15
            108.01 -9.206 9.6977E+00 1.6123E-03 3.9163E-07 5.9474E-11 3.5847E-15
            109.00  5.869 4.6645E+01 1.5717E-03 4.1562E-07 6.6450E-11 4.1190E-15
            111.00  2.050 4.4709E+01 2.4163E-03 6.1037E-07 9.0492E-11 5.3705E-15
            112.00  1.27  4.3452E+01 2.2352E-03 5.5901E-07 8.3104E-11 4.9314E-15                1.34 > 1.27
            113.00  3.05  4.5851E+01 2.1457E-03 5.4325E-07 7.8096E-11 4.3341E-15
            114.00  3.060 4.4814E+01 1.7271E-03 3.9057E-07 5.3819E-11 3.0029E-15
            114.01 -4.952 9.8662E+00 1.4878E-03 3.0290E-07 3.8910E-11 2.0723E-15
            116.00  3.55  4.5350E+01 1.9723E-03 5.2543E-07 8.3191E-11 5.1476E-15
            117.00  4.434 4.5898E+01 1.5825E-03 4.0531E-07 6.3983E-11 3.9606E-15
            120.00  1.70  4.2895E+01 1.8879E-03 3.6073E-07 4.1185E-11 2.2647E-15                1.70 H&H
            124.00  1.93  4.3462E+01 1.4126E-03 2.4979E-07 2.5054E-11 1.1794E-15            1.93 Chen etal 1993
            126.00  1.598 4.5588E+01 2.8130E-03 6.5519E-07 8.6267E-11 4.2050E-15
            600.00  1.263 3.6803E+01-1.0807E-04-3.5475E-08-3.5725E-12-1.4641E-16
            606.00  6.297 4.9635E+01 3.4889E-03 1.0588E-06 1.7292E-10 1.0735E-14                6.21 > 6.297
            607.00  7.738 4.7854E+01 1.8650E-03 4.6317E-07 7.2948E-11 4.5174E-15                7.65 > 7.738
            607.01 -6.410 1.0531E+01 2.0566E-03 4.8615E-07 7.1121E-11 4.2107E-15
            608.00 11.091 4.8914E+01 1.2133E-03 1.6990E-07 1.3763E-11 4.5299E-16
            613.00  3.617 4.6928E+01 2.6572E-03 7.1162E-07 1.0458E-10 5.9272E-15
            614.00  4.64  4.8733E+01 3.5377E-03 9.9928E-07 1.5245E-10 9.0345E-15
            616.00  7.355 4.8536E+01 1.7529E-03 3.7872E-07 5.1956E-11 2.9409E-15
            707.00  9.759 4.8708E+01 1.9370E-03 4.9854E-07 7.6174E-11 4.6475E-15
            707.01 -5.821 1.1867E+01 1.9567E-03 5.0892E-07 8.1631E-11 5.1181E-15
            708.00  6.497 4.7373E+01 1.9956E-03 4.9814E-07 7.3915E-11 4.4017E-15
            708.01 -2.767 1.2522E+01 1.6744E-03 3.9514E-07 5.7795E-11 3.4403E-15
            712.00  3.402 4.4556E+01 2.8603E-03 7.8534E-07 1.2044E-10 7.2820E-15
            713.00  3.727 4.7680E+01 2.3545E-03 5.9644E-07 8.7844E-11 5.1682E-15
            714.00  5.658 4.7117E+01 1.7960E-03 3.6727E-07 5.0042E-11 2.8886E-15
            716.00  4.8   4.6990E+01 2.2957E-03 5.9392E-07 8.9837E-11 5.4041E-15
            800.00  1.462 3.6449E+01-6.6246E-05-2.6997E-08-4.8284E-12-3.0166E-16
            808.00  5.116 4.8632E+01 1.6412E-03 3.4362E-07 4.6858E-11 2.6408E-15
            808.01 -6.956 1.2330E+01 1.5129E-03 3.0628E-07 4.0032E-11 2.2035E-15
            812.00  3.53  4.7490E+01 4.4046E-03 1.5814E-06 3.4953E-10 2.6721E-14
            813.00  5.27  4.7491E+01 1.8257E-03 3.3193E-07 4.4069E-11 2.5856E-15
            814.00  8.260 4.8482E+01 1.5553E-03 2.9270E-07 3.3106E-11 1.5597E-15
            816.00  5.359 4.7493E+01 1.7257E-03 3.6371E-07 5.0705E-11 2.9300E-15
            820.00  4.76  4.6516E+01 2.3415E-03 5.7606E-07 1.0223E-10 7.2806E-15
            822.00  6.87  4.7769E+01 2.1368E-03 4.8935E-07 6.1006E-11 3.1236E-15
            823.00  6.41  4.7617E+01 1.0876E-03 1.7055E-07 1.6406E-11 8.1447E-16
            826.00  4.20  4.6551E+01 1.5838E-03 3.1740E-07 3.9635E-11 2.1789E-15
            900.00  3.399 3.7551E+01-2.9184E-04-1.1414E-07-2.0819E-11-1.4085E-15
           1216.00  2.4   4.6796E+01 3.9803E-03 9.4542E-07 1.2089E-10 6.2056E-15
           1300.00  0.346 3.5531E+01-3.7596E-04-2.5139E-07-5.2240E-11-3.5563E-15
           1316.00  3.84  4.7214E+01 2.5392E-03 6.7606E-07 9.9652E-11 5.6716E-15
           1416.00  6.42  4.7977E+01 1.8341E-03 3.9455E-07 5.1100E-11 2.7117E-15
           1600.00  2.077 3.6385E+01-1.2387E-04-5.1457E-08-1.0011E-11-6.7042E-16
           1616.00  4.369 4.7747E+01 1.9271E-03 4.1963E-07 5.6886E-11 3.1854E-15
           1620.00  3.46  4.5835E+01 2.2131E-03 4.3330E-07 6.9347E-11 5.0501E-15
           1626.00  3.31  4.6416E+01 2.5933E-03 6.8170E-07 9.8815E-11 5.7791E-15
           1700.00  3.616 3.7416E+01-2.9016E-04-8.8805E-08-1.3209E-11-7.5220E-16
           2600.00  0.250 3.5999E+01-7.9764E-04-2.9422E-07-5.2961E-11-3.3781E-15
          10100.00  1.976 8.1380E+01 2.1429E-03 5.2145E-07 7.7080E-11 4.5316E-15
          10101.01 -4.747 6.2927E+01 2.2248E-04-1.3408E-07-1.9664E-11-8.2468E-16              D from Cosby and Helm (4.373)
          10106.00  7.849 9.2455E+01 3.1402E-03 6.6306E-07 9.2666E-11 5.3624E-15
          10107.00  7.355 9.1785E+01 2.9965E-03 6.8466E-07 1.0378E-10 6.3167E-15
          10108.00  9.512 9.3179E+01 2.6725E-03 5.7830E-07 8.5268E-11 5.1311E-15
          10116.00  7.508 9.2064E+01 2.7883E-03 5.3505E-07 7.2159E-11 4.1344E-15
          10606.00 12.069 9.5977E+01 3.5151E-03 7.1109E-07 9.7013E-11 5.5098E-15
          10607.00 13.085 9.6092E+01 3.4150E-03 6.7686E-07 8.9342E-11 4.9893E-15
          10608.00 11.721 9.4226E+01 3.0760E-03 5.9489E-07 7.6261E-11 4.1452E-15
          10708.00  8.614 9.4263E+01 3.2515E-03 6.7110E-07 8.9566E-11 5.0184E-15
          10800.00  6.224 8.3222E+01 1.6725E-03 4.4245E-07 7.0038E-11 4.3248E-15
          10808.00  7.108 9.4186E+01 3.0836E-03 6.1755E-07 8.0811E-11 4.4544E-15
          10811.00  8.286 9.2701E+01 4.3703E-03 1.0975E-06 1.6241E-10 9.6222E-15
          10812.00  6.823 9.1448E+01 3.9729E-03 9.4759E-07 1.3688E-10 8.0099E-15
          10820.00  8.604 9.3313E+01 4.8617E-03 1.1834E-06 1.7021E-10 1.0047E-14
          60600.00 10.145 8.5045E+01 1.6850E-03 3.7003E-07 5.4390E-11 3.2244E-15
          60606.00 13.957 1.0081E+02 3.9913E-03 8.1028E-07 1.0167E-10 5.3621E-15
          60608.00 14.371 9.8967E+01 4.4715E-03 9.5214E-07 1.2581E-10 6.9273E-15
          60614.00 13.046 9.9419E+01 4.8340E-03 1.1177E-06 1.5387E-10 8.4869E-15
          60700.00 11.592 8.4748E+01 1.8177E-03 4.4297E-07 6.5994E-11 3.9650E-15
          60808.00 16.561 1.0098E+02 3.3697E-03 5.7958E-07 6.5121E-11 3.1625E-15
          60816.00 14.210 1.0000E+02 3.9763E-03 7.8058E-07 9.5929E-11 4.9686E-15
          61414.00 11.099 9.9761E+01 4.7757E-03 1.0916E-06 1.4898E-10 8.1497E-15
          61616.00 11.881 1.0044E+02 4.5422E-03 9.8359E-07 1.2836E-10 6.9210E-15
          70700.00  8.155 8.3317E+01 2.0383E-03 5.1561E-07 7.7265E-11 4.6499E-15
          70708.00 11.440 9.9172E+01 3.9917E-03 8.1117E-07 1.0518E-10 5.7309E-15
          70808.00  9.621 9.7617E+01 3.6891E-03 7.5141E-07 9.6734E-11 5.2293E-15
          80800.00  5.556 8.4344E+01 1.9577E-03 4.3829E-07 5.9769E-11 3.3299E-15
          80814.00 13.447 1.0004E+02 3.7484E-03 6.5483E-07 6.8677E-11 3.0007E-15
          80816.00 11.023 9.8405E+01 3.7855E-03 7.7032E-07 9.7481E-11 5.1594E-15
        1010106.00 12.600 1.4032E+02 4.1238E-03 7.2477E-07 8.9409E-11 4.8096E-15
        1010107.00 12.004 1.3972E+02 3.5646E-03 5.7053E-07 6.8977E-11 3.7564E-15
        1010606.00 16.864 1.4492E+02 5.1010E-03 9.2490E-07 1.1306E-10 5.9293E-15
        6060707.00 21.323 1.5074E+02 7.5974E-03 1.7755E-06 2.4835E-10 1.4136E-14
      101010106.00 17.019 1.8859E+02 3.7864E-03 2.3978E-07 4.9693E-12 1.3678E-15
      101010114.00 13.329 1.8810E+02 5.4222E-03 6.7853E-07 4.8867E-11 1.2069E-15
         0.
